=== PURE GABION (no trough) ===
canal      score     L  brk  PI  <2m minGap sharpPI wid
НК-2B-1       86   399   36  14    1   1.17       1  Y
НК-1A-1       71   230   18  17    0   5.65       0  Y
НК-1A-7       68   323   18  12    2   0.03       4  Y
НК-1A-3       55   291   17  10    1   0.02       0  Y
НК-3B-1       55   267   20   7    2   0.07       1  Y
НК-1С-3       54   335   19  11    0   4.24       0  Y
НК-1C-6       46   246   17   7    1   1.61       1  Y
НК-3А-1       45   410   24   7    0   7.98       5  -
НК-1A-2       36   281   13   7    0   2.25       2  Y
НК-1A-6       34    94   14   4    1   1.28      10  Y
НК-2D-3       33   129    7   4    2   0.01       5  Y
НК-1D-1       30   141   10   4    1   0.02      12  Y
НК-1С-7       28   136   11   5    0   4.59       0  Y
НК-1А-12      25   245   10   5    0   6.30       3  -
НК-1В-2       24   147    7   5    0  10.37       3  Y
НК-2D-1_      21   107    7   4    0   8.99       4  Y
НК-2E-1       20   120    6   4    0  10.70       3  Y
НК-1A-5       19    81   11   2    0   2.01      20  Y
НК-1В-1       18    65    7   3    0   3.55       3  Y
НК-2H-2       18   186   10   2    0   6.86      18  Y
НК-2H-1       15    93    4   3    0  14.06       0  Y
НК-3С-3       12   129    6   2    0  11.39       6  -
НК-1A-8       11    47    3   2    0   7.77      16  Y
НК-1А-13      10    50    2   2    0  19.70       7  Y
НК-2G-1        9    76    4   1    0   8.86      24  Y
НК-1В-4        5    45    3   0    0   8.44       -  Y
НК-3D-3        4    38    1   1    0      -      26  -
НК-1С-5        1    25    1   0    0      -       -  -
НК-1С-4        0    20    0   0    0      -       -  -
НК-1С-8        0    20    0   0    0      -       -  -
НК-1С-9        0    19    0   0    0      -       -  -

total pure gabion: 31

=== MIXED (gabion+trough) ===
canal      score     L  brk  PI  <2m minGap sharpPI wid
НК-3С-1      177  1200   69  32    2   0.02       0  -
НК-2F-1       97   576   38  15    2   0.06       6  Y
НК-1А-11      93   295   22  19    2   0.03       0  Y
НК-1F-2       88   640   32  18    0   5.00       0  Y
НК-3D-2       78   565   28  12    2   0.01       2  Y
НК-1E-2       76   701   29  13    1   0.11       0  Y
НК-1А-10      64   298   23  11    1   0.01       0  Y
НК-3С-2_      54   525   18  12    0   8.65       0  -
НК-3D-1       50   335   18   6    2   0.07       2  Y
НК-1F-1       49   307   20   7    1   1.45       5  Y
НК-1А-14      48   275   13   9    1   0.08       0  Y
НК-1E-3       44   245   15   7    1   1.73       1  Y
НК-1С-1       43   252   19   6    1   0.04       2  -
НК-2А-1       41   277   21   6    0   2.20       3  Y
НК-3B-2       41   286   20   7    0   6.67       4  -
НК-1E-1       40   252   17   7    0   3.15       0  Y
НК-2G-2       40   272   20   6    0   3.00       1  Y
НК-1А-9       36   172   18   6    0   2.30       7  -
НК-2B-2       36   228   16   6    0   2.54       2  Y
НК-1В-3       34   299   20   4    0   2.41       4  Y
НК-2B-3       32   279   18   4    0   2.02       0  Y
НК-1F-3       29   177   12   5    0   3.45       1  Y
НК-2D-2       26   172   11   3    1   0.22       1  -
НК-3А-2       23   144    9   4    0   3.86       8  Y
НК-1С-10      17    72    5   2    1   0.07       0  -
НК-2C-1       14   133    8   2    0   8.52       2  -
НК-1С-2       10    60    5   1    0   5.00      23  Y

total mixed: 27
